1 24.822086,66.977737
2 24.816789,67.005959
3 24.812114,67.005959
4 24.808998,67.017975
5 24.815282,67.019863
6 24.803752,67.028790
7 24.799077,67.035656
8 24.778194,67.054882
9 24.813413,67.024670
10 24.812478,67.028103
11 24.809361,67.031536
12 24.805310,67.040119
13 24.802194,67.037716
14 24.796895,67.051105
15 24.791285,67.057285
16 24.787857,67.054882
17 24.786922,67.064152
18 24.784116,67.060032
19 24.777882,67.067585
20 24.780688,67.070332
21 24.783805,67.072735
22 24.787857,67.077541
23 24.794090,67.069988
24 24.798765,67.064495
25 24.804375,67.058315
26 24.811543,67.046642
27 24.821203,67.034626
28 24.826812,67.035313
29 24.827653,67.041922
30 24.816435,67.050848
31 24.817838,67.053080
32 24.829211,67.051020
33 24.826874,67.054281
34 24.816747,67.065439
35 24.810515,67.059431
36 24.808021,67.062178
37 24.803191,67.068529
38 24.798672,67.074366
39 24.802412,67.077627
40 24.813787,67.076254
41 24.814877,67.068529
42 24.817214,67.071276
43 24.826874,67.074537
44 24.831081,67.073679
45 24.830769,67.078829
46 24.826563,67.085867
47 24.820019,67.103205
48 24.834196,67.099600
49 24.846347,67.096853
50 24.854603,67.108698
51 24.838403,67.120714
52 24.820486,67.124834
53 24.803035,67.132730
54 24.797114,67.135820
55 24.803658,67.151098
56 24.819396,67.148008
57 24.824070,67.146292
58 24.838870,67.142859
59 24.842609,67.142000
60 24.846503,67.160368
61 24.842453,67.161055
62 24.826095,67.165174
63 24.822668,67.165518
64 24.808801,67.168951
65 24.839026,67.183886
66 24.846659,67.182512
67 24.850709,67.181482
68 24.866752,67.187490
69 24.878588,67.188520
70 24.872981,67.171354
71 24.884568,67.174530
72 24.897741,67.180281
73 24.902880,67.181997
74 24.912377,67.185259
75 24.914090,67.188692
76 24.921407,67.185087
77 24.924676,67.179937
78 24.929190,67.152987
79 24.936973,67.146120
80 24.935417,67.137880
81 24.923275,67.138052
82 24.919383,67.144575
83 24.920005,67.134447
84 24.913778,67.128096
85 24.908547,67.140026
86 24.911754,67.126036
87 24.904592,67.113848
88 24.900700,67.115908
89 24.886281,67.125950
90 24.886063,67.150412
91 24.877965,67.145262
92 24.865038,67.148352
93 24.866129,67.155218
94 24.874539,67.096167
95 24.866129,67.083635
96 24.860210,67.058744
97 24.857874,67.049990
98 24.842764,67.057199
99 24.854914,67.038660
100 24.852313,67.034347
101 24.843185,67.037330
102 24.849494,67.030377
103 24.847002,67.025228
104 24.843294,67.017031
105 24.838122,67.010808
106 24.843107,67.006431
107 24.826516,67.025485
108 24.827373,67.021194
109 24.845086,66.990852
110 24.864146,66.985977
111 24.870832,66.977506
112 24.864727,66.998491
113 24.853357,67.005358
114 24.879211,66.995573
115 24.879989,67.003813
116 24.890130,66.984851
117 24.894100,66.989572
118 24.898927,66.996868
119 24.895891,67.003477
120 24.902898,67.002532
121 24.911194,67.014284
122 24.903443,67.017467
123 24.901574,67.030427
124 24.910527,67.031028
125 24.924831,67.031965
126 24.928568,67.024755
127 24.931992,67.015829
128 24.930124,67.037630
129 24.924364,67.045870
130 24.918255,67.053555
131 24.909126,67.049825
132 24.899610,67.044840
133 24.891513,67.044153
134 24.882793,67.022009
135 24.886997,67.033167
136 24.879834,67.023382
137 24.875162,67.021151
138 24.873449,67.022009
139 24.864727,67.025270
140 24.861768,67.029047
141 24.855711,67.028086
142 24.856179,67.029631
143 24.856802,67.033236
144 24.859060,67.028343
145 24.861007,67.029030
146 24.864667,67.035295
147 24.866848,67.039244
148 24.869729,67.036497
149 24.877204,67.038128
150 24.870430,67.033579
151 24.880241,67.039244
152 24.886826,67.052736
153 24.884879,67.056942
154 24.887327,67.059071
155 24.880986,67.062092
156 24.879618,67.065594
157 24.877594,67.068083
158 24.875881,67.071344
159 24.886937,67.067053
160 24.885769,67.070057
161 24.882344,67.067654
162 24.880553,67.070229
163 24.878450,67.073061
164 24.886782,67.077868
165 24.882733,67.082846
166 24.877127,67.086365
167 24.874245,67.088596
168 24.891643,67.081799
169 24.900830,67.072872
170 24.898650,67.060684
171 24.906590,67.064632
172 24.914160,67.078052
173 24.926674,67.081627
174 24.929009,67.087807
175 24.924383,67.091772
176 24.917922,67.097094
177 24.927574,67.111942
178 24.922559,67.116508
179 24.925239,67.127220
180 24.934613,67.104973
181 24.938815,67.100853
182 24.942862,67.097248
183 24.950178,67.105831
184 24.960138,67.117332
185 24.956870,67.121624
186 24.950489,67.129177
187 24.945820,67.133640
188 24.943641,67.136730
189 24.947843,67.090725
190 24.945975,67.088837
191 24.931811,67.090210
192 24.944107,67.084545
193 24.953757,67.078537
194 24.958115,67.074760
195 24.947376,67.065834
196 24.944419,67.068237
197 24.936480,67.055019
198 24.927141,67.064289
199 24.947065,67.041458
200 24.957959,67.049526
201 24.802074,67.051071
202 24.799737,67.053818
203 24.794283,67.059826
204 24.841381,67.032549
205 24.858315,67.089352
206 24.858627,67.129520
207 24.884879,67.056942
Edges
1 2
2 1 3 5
3 2 4
4 3 5 6
5 9 107
6 7 11
7 8 13
8 7 19
9 4 10
10 9 11 27
11 6 12
12 11 13 14 26
13 7 12 16
14 12 15 201
15 14 16 202 17
16 13 15 18
17 15 18 20 203
18 16 17 19
19 8 18 20
20 19 17 21
21 20 203 22
22 21 23 38
23 22 203 24 37
24 202 23 25
25 24 201 26 35
26 12 25 27 30
27 10 26 28
28 27 29 107 204
29 28 204 32 30
30 26 35 31 29
31 30 32
32 33 29 31
33 32 34 44
34 33 35 41
35 30 36 25 34
36 37 35 41
37 36 38 23 40
38 22 37 39
39 38 40
40 39 42 43
41 42 34 36
42 41 43 40
43 40 42 44 34
44 43 45 33
45 98 44 46 48
46 45 47
47 46 48 52 53
48 45 49 47 51
49 205 50 48
50 49 92
51 48 206 52 59
52 47 51 57
53 47 54
54 53 55
55 54 56 64
56 55 57 63
57 52 56 58 62
58 59 61
59 51 58 60
60 59 61 93 67
61 60 58 66 62
62 57 63 61 65
63 62 56 64
64 55 63
65 62 66
66 65 61 67
67 66 60 68
68 67 70
69 70 71
70 69 71 91
71 69 70 72 90
72 71 73
73 72 74
74 73 75
75 74 76
76 75 77
77 76 78
78 77 79
79 78 80
80 79 188 81 177
81 80 82 83
82 206 78 81
83 179 81 84 206
84 85 86 83
85 86 84 206
86 85 87 84 178
87 88 86 176
88 87 89 168
89 90 94 88
90 89 91 71
91 90 92 70
92 206 93 91
93 92 60
94 89 168 95
95 205 158 94 96
96 97 95 147
97 96 143 99
98 45 97
99 97 100
100 99 141 102
101 98 204 100
102 103 100
103 102 104
104 103 105 106
105 104 106 108
106 104 105 109
107 5 28 108
108 107 105
109 1 106 113 110
110 111 109
111 110 114
112 114 115 113
113 112 109 139
114 111 112 115 116
115 114 119 112
116 114 117
117 116 118
118 119 117 120
119 118 115
120 118 121 122
121 120 122 124 127
122 120 123 121 134
123 122 124 132 135
124 121 125 123 131
125 126 128 124
126 127 125
127 121 126
128 125 129
129 128 130 197
130 131 129 198
131 130 124 132
132 123 131 133 170
133 132 151 152 135
134 122 136
135 136 133 151
136 135 137 134
137 136 138
138 137 139
139 138 140 150
140 139 141
141 140 142
142 141 99 100 143
143 142 144 97
144 143 145 139
145 146 144
146 145 147 148
147 146 148 96
148 149 151 147
149 148 150 151
150 149 139
151 149 148 135
152 151 153 133 207
153 152 154 147 207 148
154 154 159 155
155 154 156 161
156 155 157 162
157 156 158
158 157 165 95
159 154 207 160
160 159 161 168
161 160 155
162 163 156
163 160 162 164
164 165 163
165 164 166
166 165 167
167 166
168 207 169 94
169 168 207 176
170 171 133
171 170 172
172 171 173
173 172 174
174 173 191 175
175 174 180 176
176 169 177 87 175
177 176 178 180 179
178 86 177
179 83 177
180 181 177 175
181 182 180 185
182 181 189 183
183 182 184
184 183 185
185 186 184 181
186 185 186
187 186 188
188 187 80
189 190 182
190 189 192
191 190 174
192 190 198 193
193 192 194 196
194 193 195 196 200
195 196 200 197 194
196 195 193
197 195 199 129 198
198 197 130 192
199 200 126 197
200 199 195
201 202 14 25
202 201 15 24 203
203 202 17 21 23
204 28 103 102 29
205 95 49
206 85 83 82
207 152 153 168 169
